10,5
10,216
10,264
10,300
10,246
10,65
10,150
10,202
11,19
11,10
11,13
8,7
8,11
8,4
20,2
12,3
20,1
12,2
20,3
12,1
11,30
11,29
11,28
11,27
11,26
11,25
11,24
11,23
11,22
11,20
11,18
11,17
11,16
11,15
11,14
11,12
11,11
11,9
19,2
11,6
11,4
11,3
19,1
11,2
19,3
11,1
10,314
10,312
10,307
10,303
10,280
10,278
10,262
10,253
10,250
10,243
10,231
10,230
10,220
10,210
10,189
10,184
10,179
10,162
10,157
10,141
10,131
10,129
10,113
10,111
10,110
10,104
10,79
10,75
10,22
10,3
10,2
18,1
10,1
9,7
9,6
9,5
9,4
18,3
9,3
9,2
14,1
9,1
8,17
8,16
8,15
8,14
8,13
8,12
8,10
8,9
8,8
14,3
8,6
8,5
8,3
13,1
8,2
13,3
8,1
3,3
3,2
3,1
2,2
2,3
